# INT8软件参考结果；每行字段以制表符分隔。真值0表示空白，不是数字0。
# PNG/HEX解码像素为CNN输入；预测输出用于硬件计算一致性，真值用于准确率评估。
# 共270张，软件正确269张；4/group_1_digit_4的真值4，预测9。
HEX相对路径	真实类别	INT8预测类别	9位输出	整数分数[空白,1,2,3,4,5,6,7,8,9]
HEX/1/group_1_digit_1.hex	1	1	000000001	-38184,8023,-2030,-2562,-813,-6424,-2447,-1682,-2926,-2846
HEX/2/group_1_digit_2.hex	2	2	000000010	-70240,-9263,9086,-694,-10716,-11800,-11770,1140,-2697,-7401
HEX/3/group_1_digit_3.hex	3	3	000000100	-69882,-14832,-1860,9684,-14923,-2650,-12234,-8396,-1605,100
HEX/4/group_1_digit_4.hex	4	9	100000000	-35135,-5505,-4432,-1247,1150,-5146,-7978,-3241,-2133,3358
HEX/5/group_1_digit_5.hex	5	5	000010000	-59297,-16160,-6702,-2435,-17156,9717,-6417,-14385,-7964,-4617
HEX/6/group_1_digit_6.hex	6	6	000100000	-48024,-12629,-4155,-932,42,3350,7351,-12215,-1785,-3191
HEX/7/group_1_digit_7.hex	7	7	001000000	-42635,-652,-195,498,-9206,-7107,-22440,11480,-3238,1463
HEX/8/group_1_digit_8.hex	8	8	010000000	-58075,-7475,-851,-2094,-3058,-2069,-2384,-8787,3817,-2900
HEX/9/group_1_digit_9.hex	9	9	100000000	-40786,-6876,-5539,-2181,1881,-6991,-11249,-2623,-1160,6662
HEX/1/group_2_digit_1.hex	1	1	000000001	-10242,5313,-1583,-3253,-191,-3953,-2610,-492,-2411,-1503
HEX/2/group_2_digit_2.hex	2	2	000000010	-68409,-6339,6812,2812,-12532,-9992,-16962,-157,-1836,-8039
HEX/3/group_2_digit_3.hex	3	3	000000100	-38860,-9334,-1260,3923,-4363,-2492,-9068,-4075,-2877,287
HEX/4/group_2_digit_4.hex	4	4	000001000	-27690,-3649,-4199,-1042,1866,-4499,-7470,-2863,-2695,611
HEX/5/group_2_digit_5.hex	5	5	000010000	-50102,-19656,-7159,-1559,-15791,8013,-6118,-8122,-1938,328
HEX/6/group_2_digit_6.hex	6	6	000100000	-15425,-4343,-3194,-3237,-303,639,3256,-5517,-1953,-3891
HEX/7/group_2_digit_7.hex	7	7	001000000	-28689,-1805,-1177,-318,-9067,-4466,-19457,7756,-2546,978
HEX/8/group_2_digit_8.hex	8	8	010000000	-31153,-6809,-1189,-1144,-4475,-1296,-3307,-4929,1293,-2418
HEX/9/group_2_digit_9.hex	9	9	100000000	-15426,-4392,-2441,-1612,-1253,-3641,-7462,-1177,-1890,2626
HEX/1/group_3_digit_1.hex	1	1	000000001	-14637,5381,-2264,-1993,-227,-5202,-4967,612,-3228,884
HEX/2/group_3_digit_2.hex	2	2	000000010	-54268,-8571,9151,1257,-17244,-12944,-14720,-874,-116,-13128
HEX/3/group_3_digit_3.hex	3	3	000000100	-41891,-9290,-554,4472,-6632,-2793,-9104,-3826,-3071,-1209
HEX/4/group_3_digit_4.hex	4	4	000001000	-29217,-9483,-3914,-3885,3435,-4466,-5021,-3660,-2548,802
HEX/5/group_3_digit_5.hex	5	5	000010000	-50225,-17173,-4556,-3777,-11609,2022,-12182,-8999,-7746,-1140
HEX/6/group_3_digit_6.hex	6	6	000100000	-20810,-1351,-4323,-5104,-4287,1406,4840,-4437,-38,-3339
HEX/7/group_3_digit_7.hex	7	7	001000000	-32160,821,-1800,84,-3867,-5668,-13364,5308,-2603,363
HEX/8/group_3_digit_8.hex	8	8	010000000	-27599,-3682,-1730,-2259,-6474,-130,-2524,-6183,1064,-2029
HEX/9/group_3_digit_9.hex	9	9	100000000	-29175,-11928,-2384,-1071,-4114,-2555,-8110,-1890,-1497,2463
HEX/1/group_4_digit_1.hex	1	1	000000001	-12277,7337,-2011,-3736,389,-4452,-2781,-553,-2854,-1222
HEX/2/group_4_digit_2.hex	2	2	000000010	-36941,-5162,4226,-3982,-14822,-4289,-7258,-6314,-3028,-1052
HEX/3/group_4_digit_3.hex	3	3	000000100	-37958,-6654,-564,4448,-5726,-3252,-12461,-853,-3322,-1097
HEX/4/group_4_digit_4.hex	4	4	000001000	-24502,-8962,-5699,-4790,3812,-3469,-2921,-4974,-3204,768
HEX/5/group_4_digit_5.hex	5	5	000010000	-66564,-21036,-8641,-445,-11252,8891,-7627,-14155,-5150,-2929
HEX/6/group_4_digit_6.hex	6	6	000100000	-35538,-6087,-2618,-2460,-2555,2469,6250,-8406,-559,-6749
HEX/7/group_4_digit_7.hex	7	7	001000000	-24415,583,448,574,-4969,-6858,-15667,6106,-3411,877
HEX/8/group_4_digit_8.hex	8	8	010000000	-68894,-10549,1123,-1869,-8173,-4238,-6566,-9192,5666,-1880
HEX/9/group_4_digit_9.hex	9	9	100000000	-25736,-6381,-3799,-1013,-629,-4426,-8219,-3040,-1821,4440
HEX/1/group_5_digit_1.hex	1	1	000000001	-9995,5288,-1940,-3613,-707,-3906,-3083,74,-2470,-796
HEX/2/group_5_digit_2.hex	2	2	000000010	-69274,-8366,11341,-558,-11579,-10895,-10857,-4436,-482,-11953
HEX/3/group_5_digit_3.hex	3	3	000000100	-42076,-8500,-1595,3731,-5106,-3398,-10223,-2468,-916,-219
HEX/4/group_5_digit_4.hex	4	4	000001000	-50078,-3081,-4146,-463,1104,-2488,-7022,-1642,-3753,-467
HEX/5/group_5_digit_5.hex	5	5	000010000	-40813,-8834,-2178,3461,-11535,6143,-10450,-8489,-1825,-2202
HEX/6/group_5_digit_6.hex	6	6	000100000	-38154,-6906,-2937,-1848,-827,2628,7194,-9351,-167,-5232
HEX/7/group_5_digit_7.hex	7	7	001000000	-31013,-2567,731,1681,-11800,-7764,-20520,9478,-2940,-307
HEX/8/group_5_digit_8.hex	8	8	010000000	-58744,-7392,-86,-569,-7370,-6418,-10342,-3336,6073,1249
HEX/9/group_5_digit_9.hex	9	9	100000000	-15390,-4836,-2903,-3320,-740,-2421,-5002,-983,-860,996
HEX/1/group_6_digit_1.hex	1	1	000000001	-35374,7066,-3403,-3158,-1287,-3575,-2950,-1752,-1484,-2169
HEX/2/group_6_digit_2.hex	2	2	000000010	-89361,-4920,10516,-1419,-15816,-11602,-24601,-3212,-6939,-5275
HEX/3/group_6_digit_3.hex	3	3	000000100	-51626,-9095,-1922,6980,-8949,-2122,-13306,-5582,-2816,1052
HEX/4/group_6_digit_4.hex	4	4	000001000	-36670,-7646,-5193,-1998,3304,-3324,-7076,-5228,-482,2769
HEX/5/group_6_digit_5.hex	5	5	000010000	-42230,-13282,-4681,-3558,-9282,6072,-4111,-11361,-4301,-2635
HEX/6/group_6_digit_6.hex	6	6	000100000	-22862,-757,-1272,-2876,-505,-1802,4269,-5569,-875,-5113
HEX/7/group_6_digit_7.hex	7	7	001000000	-15808,738,-132,-998,-4018,-5162,-12733,4745,-3429,804
HEX/8/group_6_digit_8.hex	8	8	010000000	-49204,-8000,-768,-1602,-5546,-2036,-4307,-4961,2262,-2771
HEX/9/group_6_digit_9.hex	9	9	100000000	-26515,-3747,-2895,-240,-1347,-4239,-7917,-1375,-1059,3868
HEX/1/group_7_digit_1.hex	1	1	000000001	-15119,6168,-1906,-3152,-275,-4320,-2543,-685,-2487,-1622
HEX/2/group_7_digit_2.hex	2	2	000000010	-86564,-6882,10477,169,-12646,-14234,-22144,5052,-6299,-7784
HEX/3/group_7_digit_3.hex	3	3	000000100	-51150,-11627,-1349,6073,-9087,-3616,-11428,-4562,-3486,-730
HEX/4/group_7_digit_4.hex	4	4	000001000	-42766,-10194,-6124,-4403,4114,-4251,-7768,-2993,-1865,918
HEX/5/group_7_digit_5.hex	5	5	000010000	-47858,-13440,-4826,-948,-12442,6837,-7265,-13629,-6092,-2632
HEX/6/group_7_digit_6.hex	6	6	000100000	-29796,-3130,-2262,-1112,-2022,-537,3036,-7980,-529,-4939
HEX/7/group_7_digit_7.hex	7	7	001000000	-22115,-510,832,481,-8781,-9087,-18194,8301,-2939,-1327
HEX/8/group_7_digit_8.hex	8	8	010000000	-46863,-5945,1378,-26,-5752,-4470,-3113,-4947,3453,-3407
HEX/9/group_7_digit_9.hex	9	9	100000000	-31632,-4540,-4299,-1169,798,-5514,-7868,-2809,-1854,3836
HEX/1/group_8_digit_1.hex	1	1	000000001	-4236,4410,-1452,-3214,109,-3329,-2209,-687,-2388,-1255
HEX/2/group_8_digit_2.hex	2	2	000000010	-39778,-9702,7483,-1139,-15484,-7242,-16566,-419,-3290,-2376
HEX/3/group_8_digit_3.hex	3	3	000000100	-19851,-5088,-1000,2136,-5470,-924,-7569,-2299,-3302,-527
HEX/4/group_8_digit_4.hex	4	4	000001000	-24201,-6045,-3657,-3778,246,-2015,-5058,-1298,-2140,-1638
HEX/5/group_8_digit_5.hex	5	5	000010000	-35934,-15006,-7515,1,-21863,10778,-11058,-12284,-5049,-1649
HEX/6/group_8_digit_6.hex	6	6	000100000	-22938,-5969,-2583,-1611,-3821,1770,4484,-6469,-1997,-4621
HEX/7/group_8_digit_7.hex	7	7	001000000	-13666,-1248,548,614,-7486,-5151,-14186,5766,-2536,-510
HEX/8/group_8_digit_8.hex	8	8	010000000	-28082,-5716,36,-133,-4908,-1877,-1444,-6656,2867,-2205
HEX/9/group_8_digit_9.hex	9	9	100000000	-9609,-1590,-2110,-1480,-935,-3421,-4420,-970,-1376,1525
HEX/1/group_9_digit_1.hex	1	1	000000001	-10469,5252,-1684,-3201,-318,-3676,-2322,-826,-2341,-1512
HEX/2/group_9_digit_2.hex	2	2	000000010	-50644,-5678,9181,-1274,-14195,-12222,-15672,-1765,-3643,-7806
HEX/3/group_9_digit_3.hex	3	3	000000100	-53035,-12412,-858,7752,-13089,-4172,-15689,-2022,-2697,-745
HEX/4/group_9_digit_4.hex	4	4	000001000	-32152,-10840,-5865,-3003,2579,-2920,-4727,-2799,-3662,1413
HEX/5/group_9_digit_5.hex	5	5	000010000	-33080,-13751,-6350,-1283,-13135,8262,-3710,-9841,-1678,-1141
HEX/6/group_9_digit_6.hex	6	6	000100000	-21573,-1524,-1656,-2112,-1017,-1199,1406,-5883,-2236,-3227
HEX/7/group_9_digit_7.hex	7	7	001000000	-26889,-39,-136,-332,-10355,-7087,-21707,10243,-3225,-915
HEX/8/group_9_digit_8.hex	8	8	010000000	-34436,-6082,-2024,-3410,-197,-2805,-1820,-5063,1993,-2026
HEX/9/group_9_digit_9.hex	9	9	100000000	-37808,-7899,-4194,-1493,-277,-5000,-9651,-1067,-1474,5824
HEX/1/group_10_digit_1.hex	1	1	000000001	-20886,7415,-2677,-3921,468,-4871,-2096,-610,-2685,-1748
HEX/2/group_10_digit_2.hex	2	2	000000010	-75316,-3895,12898,-511,-17491,-15151,-19415,-1769,-2482,-15170
HEX/3/group_10_digit_3.hex	3	3	000000100	-69394,-10613,-1422,6841,-9035,-3638,-15380,-6026,-2866,-793
HEX/4/group_10_digit_4.hex	4	4	000001000	-38471,-6239,-4056,-4256,3417,-5953,-5728,-384,-3081,-934
HEX/5/group_10_digit_5.hex	5	5	000010000	-69782,-17245,-6041,1593,-13187,8726,-9795,-12421,-3556,-1550
HEX/6/group_10_digit_6.hex	6	6	000100000	-23346,-4334,-1809,-1790,-1332,444,3664,-6352,-1153,-4091
HEX/7/group_10_digit_7.hex	7	7	001000000	-34360,1520,494,851,-6754,-7627,-17294,6939,-3869,482
HEX/8/group_10_digit_8.hex	8	8	010000000	-64996,-14822,-1928,-816,-6157,-2214,-7006,-7114,5757,-3432
HEX/9/group_10_digit_9.hex	9	9	100000000	-31959,-3174,-3733,-1335,-717,-5132,-6793,-1868,-1430,3132
HEX/1/group_11_digit_1.hex	1	1	000000001	-14234,6936,-2121,-3322,300,-4348,-2351,-431,-2817,-1802
HEX/2/group_11_digit_2.hex	2	2	000000010	-52843,-9297,8683,-1239,-16796,-8274,-15584,-30,-3720,-1726
HEX/3/group_11_digit_3.hex	3	3	000000100	-38203,-9105,-2494,5290,-8394,-3132,-11613,-1611,-1892,324
HEX/4/group_11_digit_4.hex	4	4	000001000	-37311,-6502,-3764,-2263,1320,-3304,-4676,-2653,-2701,372
HEX/5/group_11_digit_5.hex	5	5	000010000	-55151,-15349,-7998,-95,-14776,8816,-11034,-8720,-6226,-304
HEX/6/group_11_digit_6.hex	6	6	000100000	-31864,-3954,-3118,-2039,-3942,-678,2018,-5325,-2222,-3624
HEX/7/group_11_digit_7.hex	7	7	001000000	-32645,217,1936,2117,-9880,-9650,-21881,9157,-3338,723
HEX/8/group_11_digit_8.hex	8	8	010000000	-44642,-4417,8,-3937,-2649,-3629,-3216,-4567,2848,-3751
HEX/9/group_11_digit_9.hex	9	9	100000000	-29120,-3606,-3279,-1073,503,-5725,-9478,-689,-1252,5382
HEX/1/group_12_digit_1.hex	1	1	000000001	-17303,7491,-2024,-3944,727,-5193,-3115,-237,-2729,-1384
HEX/2/group_12_digit_2.hex	2	2	000000010	-44876,-4079,5693,-1926,-7825,-5035,-9514,-1579,-1816,-5766
HEX/3/group_12_digit_3.hex	3	3	000000100	-44730,-8151,-241,5828,-11505,-244,-14868,-5557,-4896,-106
HEX/4/group_12_digit_4.hex	4	4	000001000	-29504,-6891,-2560,-3214,2662,-3741,-5088,-1144,-3516,-1198
HEX/5/group_12_digit_5.hex	5	5	000010000	-33397,-7274,-2531,454,-2961,1480,-7447,-4940,-2924,479
HEX/6/group_12_digit_6.hex	6	6	000100000	-35278,-4717,-3554,-3597,-3333,2544,4085,-4933,619,-5709
HEX/7/group_12_digit_7.hex	7	7	001000000	-26834,-543,45,-420,-6862,-5730,-12788,5423,-2010,876
HEX/8/group_12_digit_8.hex	8	8	010000000	-41298,-6108,-596,-1323,-4266,-3071,-3340,-5163,3496,-1541
HEX/9/group_12_digit_9.hex	9	9	100000000	-21439,-2896,-3472,-1298,-90,-4200,-6291,-1597,-1834,2784
HEX/1/group_13_digit_1.hex	1	1	000000001	-13910,6159,-2751,-4076,-505,-3366,-2205,-1073,-2582,-1328
HEX/2/group_13_digit_2.hex	2	2	000000010	-32633,-4000,6426,-1344,-11461,-7638,-14319,-2069,-3099,-4478
HEX/3/group_13_digit_3.hex	3	3	000000100	-35050,-7698,-519,3718,-8470,-3231,-9685,-2280,-803,-501
HEX/4/group_13_digit_4.hex	4	4	000001000	-15725,-4610,-2690,-2748,1680,-2380,-4055,-2135,-2302,-299
HEX/5/group_13_digit_5.hex	5	5	000010000	-25463,-9155,-3386,908,-12209,6788,-8846,-7064,-4637,-1930
HEX/6/group_13_digit_6.hex	6	6	000100000	-18332,-2940,-1281,-2015,-1284,-13,1390,-6305,-1429,-3412
HEX/7/group_13_digit_7.hex	7	7	001000000	-32421,-1296,-224,2222,-12586,-6942,-22622,10406,-3851,-1373
HEX/8/group_13_digit_8.hex	8	8	010000000	-34788,-4903,1546,-2560,-4297,-4047,-2815,-8029,3863,-4528
HEX/9/group_13_digit_9.hex	9	9	100000000	-16951,-3119,-3116,-989,-341,-3790,-8334,-25,-2000,3375
HEX/1/group_14_digit_1.hex	1	1	000000001	-10757,4389,-1876,-4234,-99,-3571,-1540,-884,-1670,-1296
HEX/2/group_14_digit_2.hex	2	2	000000010	-41196,-3762,8345,-2540,-8795,-7735,-11328,-1780,-3462,-10152
HEX/3/group_14_digit_3.hex	3	3	000000100	-40655,-7140,-895,4943,-8638,-1438,-14547,-1956,-5481,-1769
HEX/4/group_14_digit_4.hex	4	4	000001000	-20855,-6109,-2387,-4273,2600,-5014,-5235,-1444,-2528,-556
HEX/5/group_14_digit_5.hex	5	5	000010000	-35259,-12744,-7053,-565,-9670,7556,-6978,-10080,-4140,615
HEX/6/group_14_digit_6.hex	6	6	000100000	-32010,-5808,-2433,-1527,-1581,1006,2066,-8206,-2461,-3264
HEX/7/group_14_digit_7.hex	7	7	001000000	-23337,-1656,814,585,-8226,-5563,-16563,6526,-2614,779
HEX/8/group_14_digit_8.hex	8	8	010000000	-45645,-6653,896,-2397,-3476,-2806,-402,-8664,4219,-3603
HEX/9/group_14_digit_9.hex	9	9	100000000	-25438,-4894,-3218,-684,-1318,-5849,-8270,-948,-1806,4792
HEX/1/group_15_digit_1.hex	1	1	000000001	-17853,6555,-2501,-3616,360,-4574,-1509,-972,-2436,-1626
HEX/2/group_15_digit_2.hex	2	2	000000010	-43885,-4178,6441,-1510,-7735,-8472,-13060,372,-4517,-5248
HEX/3/group_15_digit_3.hex	3	3	000000100	-41631,-8702,-197,4715,-9750,-2837,-15376,-3930,-5569,-306
HEX/4/group_15_digit_4.hex	4	4	000001000	-19667,-5756,-4190,-2040,2090,-3324,-4854,-2603,-1952,1383
HEX/5/group_15_digit_5.hex	5	5	000010000	-34173,-9791,-2857,2163,-10301,5687,-10624,-9002,-4953,-2020
HEX/6/group_15_digit_6.hex	6	6	000100000	-22243,-5043,-2135,-1499,-1912,-75,2914,-7454,-1245,-2609
HEX/7/group_15_digit_7.hex	7	7	001000000	-30600,-1019,683,928,-12082,-8047,-22672,10263,-3148,-1022
HEX/8/group_15_digit_8.hex	8	8	010000000	-51467,-9458,1155,-1142,-5915,-3909,-4194,-7787,6596,-3304
HEX/9/group_15_digit_9.hex	9	9	100000000	-38969,-6251,-3245,-1653,-1511,-6806,-9945,575,-379,5987
HEX/blank/blank_01.hex	0	0	000000000	18353,2424,-858,-3735,-1261,-1068,-1176,-123,-1905,-1738
HEX/blank/blank_02.hex	0	0	000000000	18353,2424,-858,-3735,-1261,-1068,-1176,-123,-1905,-1738
HEX/blank/blank_03.hex	0	0	000000000	18353,2424,-858,-3735,-1261,-1068,-1176,-123,-1905,-1738
HEX/blank/blank_04.hex	0	0	000000000	18353,2424,-858,-3735,-1261,-1068,-1176,-123,-1905,-1738
HEX/blank/blank_05.hex	0	0	000000000	18353,2424,-858,-3735,-1261,-1068,-1176,-123,-1905,-1738
HEX/blank/blank_06.hex	0	0	000000000	18353,2424,-858,-3735,-1261,-1068,-1176,-123,-1905,-1738
HEX/blank/blank_07.hex	0	0	000000000	18353,2424,-858,-3735,-1261,-1068,-1176,-123,-1905,-1738
HEX/blank/blank_08.hex	0	0	000000000	18353,2424,-858,-3735,-1261,-1068,-1176,-123,-1905,-1738
HEX/blank/blank_09.hex	0	0	000000000	18353,2424,-858,-3735,-1261,-1068,-1176,-123,-1905,-1738
HEX/blank/blank_10.hex	0	0	000000000	18353,2424,-858,-3735,-1261,-1068,-1176,-123,-1905,-1738
HEX/blank/blank_11.hex	0	0	000000000	18353,2424,-858,-3735,-1261,-1068,-1176,-123,-1905,-1738
HEX/blank/blank_12.hex	0	0	000000000	18353,2424,-858,-3735,-1261,-1068,-1176,-123,-1905,-1738
HEX/blank/blank_13.hex	0	0	000000000	18353,2424,-858,-3735,-1261,-1068,-1176,-123,-1905,-1738
HEX/blank/blank_14.hex	0	0	000000000	18353,2424,-858,-3735,-1261,-1068,-1176,-123,-1905,-1738
HEX/blank/blank_15.hex	0	0	000000000	18353,2424,-858,-3735,-1261,-1068,-1176,-123,-1905,-1738
HEX/1/group_16_digit_1.hex	1	1	000000001	-16133,5829,-1242,-3317,-1048,-4399,-3001,-918,-1990,-1427
HEX/2/group_16_digit_2.hex	2	2	000000010	-50296,-6957,6273,-2932,-9714,-10282,-11171,-2059,-4160,-6229
HEX/3/group_16_digit_3.hex	3	3	000000100	-58429,-11673,-1276,7691,-13628,-3217,-18474,-4078,-5335,1182
HEX/4/group_16_digit_4.hex	4	4	000001000	-34206,-9006,-4445,-4404,3546,-3780,-4629,-2052,-2255,-216
HEX/5/group_16_digit_5.hex	5	5	000010000	-55178,-13978,-5829,-322,-12657,8897,-9056,-14168,-3244,-1573
HEX/6/group_16_digit_6.hex	6	6	000100000	-31424,-4310,-1827,-1515,-712,-449,4122,-8129,-223,-5045
HEX/7/group_16_digit_7.hex	7	7	001000000	-31448,-1484,478,346,-8234,-5258,-19870,7887,-2586,-434
HEX/8/group_16_digit_8.hex	8	8	010000000	-54833,-6782,1022,-1735,-6191,-2756,-4732,-7768,6405,-3205
HEX/9/group_16_digit_9.hex	9	9	100000000	-27891,-6535,-2658,-658,-3478,-5466,-10852,-152,-2021,3901
HEX/1/group_17_digit_1.hex	1	1	000000001	-34994,9958,-1684,-3258,-1981,-5311,-5010,-239,-3588,-3260
HEX/2/group_17_digit_2.hex	2	2	000000010	-64048,-9863,9639,2039,-16723,-12655,-12579,-2197,-1074,-8107
HEX/3/group_17_digit_3.hex	3	3	000000100	-51938,-10460,-1773,5567,-11126,335,-13315,-8831,-4022,-1438
HEX/4/group_17_digit_4.hex	4	4	000001000	-36729,-5842,-4545,-2158,2310,-4099,-4760,-3084,-2628,666
HEX/5/group_17_digit_5.hex	5	5	000010000	-73126,-14574,-5253,1672,-14457,5949,-9879,-9080,-6018,-2497
HEX/6/group_17_digit_6.hex	6	6	000100000	-37340,-8745,-2504,-3098,-3438,1859,6998,-9608,1333,-4932
HEX/7/group_17_digit_7.hex	7	7	001000000	-40803,-668,-1652,570,-11295,-6198,-20727,11011,-3501,-1652
HEX/8/group_17_digit_8.hex	8	8	010000000	-35114,-3429,-431,-1635,-4860,-2798,-2829,-5437,2376,-1251
HEX/9/group_17_digit_9.hex	9	9	100000000	-25135,-5614,-2873,-2106,-1155,-4024,-8403,-1621,-1512,3365
HEX/1/group_18_digit_1.hex	1	1	000000001	-42745,8567,-2168,-3000,-1132,-5792,-4246,-1060,-2673,-2680
HEX/2/group_18_digit_2.hex	2	2	000000010	-91070,-1479,10394,-1957,-11218,-9919,-16692,-3062,-3653,-8421
HEX/3/group_18_digit_3.hex	3	3	000000100	-76738,-10064,-1181,6109,-12039,375,-13090,-7238,-2448,-1708
HEX/4/group_18_digit_4.hex	4	4	000001000	-46730,-6266,-4249,-2707,2753,-3695,-5205,-3909,-2100,660
HEX/5/group_18_digit_5.hex	5	5	000010000	-76733,-16835,-10056,3857,-12924,10237,-10691,-12318,-3064,1670
HEX/6/group_18_digit_6.hex	6	6	000100000	-54735,-10584,-5607,-2704,-3132,4319,10268,-8025,-683,-7923
HEX/7/group_18_digit_7.hex	7	7	001000000	-51799,-1426,408,545,-11046,-8365,-20682,9289,-1935,1946
HEX/8/group_18_digit_8.hex	8	8	010000000	-62558,-10650,-1739,-3928,-3282,-240,-4092,-8622,5631,-3044
HEX/9/group_18_digit_9.hex	9	9	100000000	-49301,-8826,-6144,-2227,1916,-5400,-11712,-3454,-623,7162
HEX/1/group_19_digit_1.hex	1	1	000000001	-37358,9982,-2461,-3420,-623,-5803,-3853,-575,-3564,-2443
HEX/2/group_19_digit_2.hex	2	2	000000010	-77137,-421,7835,70,-11551,-10191,-18552,-1599,-4663,-8343
HEX/3/group_19_digit_3.hex	3	3	000000100	-66221,-10883,-1671,7172,-13447,-1453,-15584,-3760,-3420,-1972
HEX/4/group_19_digit_4.hex	4	4	000001000	-50475,-10060,-4454,-5778,4455,-6295,-5523,-3669,-1201,1480
HEX/5/group_19_digit_5.hex	5	5	000010000	-57471,-12037,-5224,2790,-11470,6724,-8107,-10035,-3158,-665
HEX/6/group_19_digit_6.hex	6	6	000100000	-54411,-9648,-3417,-2257,-2194,1895,8217,-12338,1093,-4683
HEX/7/group_19_digit_7.hex	7	7	001000000	-39229,-1425,1188,562,-11338,-7383,-19414,7846,-2244,129
HEX/8/group_19_digit_8.hex	8	8	010000000	-78978,-13904,1854,-1008,-5051,-3313,-8988,-5255,5658,-1812
HEX/9/group_19_digit_9.hex	9	9	100000000	-28107,-5705,-3396,-2311,-505,-2543,-8281,-2025,-1081,3658
HEX/1/group_20_digit_1.hex	1	1	000000001	-27506,6235,-2994,-3251,-1570,-3141,-2388,-1754,-1512,-1903
HEX/2/group_20_digit_2.hex	2	2	000000010	-63654,-5083,9465,764,-14057,-12017,-17642,1668,-5030,-9094
HEX/3/group_20_digit_3.hex	3	3	000000100	-61032,-9375,-2238,5616,-8344,-2173,-14744,-2885,-4332,935
HEX/4/group_20_digit_4.hex	4	4	000001000	-34601,-6843,-3993,-3164,3153,-3644,-4262,-3691,-1602,134
HEX/5/group_20_digit_5.hex	5	5	000010000	-59634,-14782,-8522,2692,-8215,7702,-14832,-10152,-4059,724
HEX/6/group_20_digit_6.hex	6	6	000100000	-48425,-10562,-1782,-4351,-2242,1339,8195,-11468,1072,-7577
HEX/7/group_20_digit_7.hex	7	7	001000000	-38536,-853,-299,984,-9391,-7409,-23102,10014,-2893,1444
HEX/8/group_20_digit_8.hex	8	8	010000000	-68328,-12334,-2027,-2151,-6072,-2615,-5965,-6147,4953,-1295
HEX/9/group_20_digit_9.hex	9	9	100000000	-52334,-8272,-5680,-2867,1230,-7158,-12027,-3713,181,7719
HEX/1/group_21_digit_1.hex	1	1	000000001	-19542,7215,-1170,-3170,-558,-4489,-2698,-594,-2702,-2549
HEX/2/group_21_digit_2.hex	2	2	000000010	-66224,-6664,9357,-988,-14374,-10288,-13759,29,-2602,-9560
HEX/3/group_21_digit_3.hex	3	3	000000100	-69273,-12629,-379,8539,-13519,-2679,-15608,-5357,-1108,566
HEX/4/group_21_digit_4.hex	4	4	000001000	-42592,-6526,-3471,-2962,2014,-4100,-8515,-687,-3481,481
HEX/5/group_21_digit_5.hex	5	5	000010000	-53258,-16888,-8274,1035,-13652,9227,-8098,-11769,-2552,932
HEX/6/group_21_digit_6.hex	6	6	000100000	-39649,-8084,-4360,-3865,-2010,3452,7970,-8103,-119,-5856
HEX/7/group_21_digit_7.hex	7	7	001000000	-44694,-717,-299,1195,-9719,-7421,-24232,10335,-3812,1707
HEX/8/group_21_digit_8.hex	8	8	010000000	-67527,-14329,-4229,-1659,-6297,899,-2500,-12116,6606,-1490
HEX/9/group_21_digit_9.hex	9	9	100000000	-27216,-1629,-3244,-1841,194,-4707,-7762,-926,-1288,3827
HEX/1/group_22_digit_1.hex	1	1	000000001	-28216,7781,-2358,-2998,-701,-4553,-2702,-863,-2667,-2455
HEX/2/group_22_digit_2.hex	2	2	000000010	-69153,-8599,11119,2258,-13273,-15565,-15292,-971,-2935,-10024
HEX/3/group_22_digit_3.hex	3	3	000000100	-64517,-12671,-480,7826,-11731,-5510,-19774,-1246,-4877,-2260
HEX/4/group_22_digit_4.hex	4	4	000001000	-45986,-9085,-4895,-2396,3950,-3792,-4444,-4592,-1829,1466
HEX/5/group_22_digit_5.hex	5	5	000010000	-68806,-20807,-10163,82,-19741,11735,-12262,-13497,-5510,11
HEX/6/group_22_digit_6.hex	6	6	000100000	-47729,-11392,-2050,-3958,-2410,1238,6382,-10351,429,-5045
HEX/7/group_22_digit_7.hex	7	7	001000000	-48311,-2290,1397,800,-9422,-8579,-19850,8458,-1247,1128
HEX/8/group_22_digit_8.hex	8	8	010000000	-47580,-7740,-1123,-1996,-2360,-1053,-3211,-6687,3964,-735
HEX/9/group_22_digit_9.hex	9	9	100000000	-25382,-4853,-2976,-1972,630,-4588,-8486,-813,-348,4430
HEX/1/group_23_digit_1.hex	1	1	000000001	-11076,6432,-1769,-3980,25,-3735,-3295,-192,-2330,-860
HEX/2/group_23_digit_2.hex	2	2	000000010	-68695,-9524,9186,-1497,-9441,-12321,-11004,-1013,-3877,-6493
HEX/3/group_23_digit_3.hex	3	3	000000100	-53184,-11154,-1559,6001,-8606,-4820,-13750,-2891,-4058,-1151
HEX/4/group_23_digit_4.hex	4	4	000001000	-33575,-8092,-3411,-4814,3006,-3675,-4882,-3877,-1832,489
HEX/5/group_23_digit_5.hex	5	5	000010000	-43175,-11273,-5515,1834,-11385,7002,-12537,-10578,-5240,-1618
HEX/6/group_23_digit_6.hex	6	6	000100000	-41322,-13460,-2563,-4645,-5408,3171,6580,-12189,-139,-4548
HEX/7/group_23_digit_7.hex	7	7	001000000	-34372,-1470,702,1677,-10592,-7424,-21914,9971,-3980,-544
HEX/8/group_23_digit_8.hex	8	8	010000000	-51710,-9653,20,-2253,-4228,-3194,-5285,-4589,5544,173
HEX/9/group_23_digit_9.hex	9	9	100000000	-21425,-1922,-3922,-2429,1384,-4409,-8105,-1011,-1591,4606
HEX/1/group_24_digit_1.hex	1	1	000000001	-34606,7594,-2708,-2682,-883,-4405,-2550,-1574,-2428,-2973
HEX/2/group_24_digit_2.hex	2	2	000000010	-82646,-3340,9771,-1818,-11433,-9039,-16196,-1655,-3694,-8299
HEX/3/group_24_digit_3.hex	3	3	000000100	-88194,-11832,-1676,8454,-14695,-3030,-16383,-9879,-1607,-695
HEX/4/group_24_digit_4.hex	4	4	000001000	-51471,-4286,-4436,-4497,3295,-4561,-4680,-1699,-3510,-1324
HEX/5/group_24_digit_5.hex	5	5	000010000	-71869,-17291,-8704,2445,-8955,8193,-12779,-13948,-4206,869
HEX/6/group_24_digit_6.hex	6	6	000100000	-58867,-6767,-3214,-1607,-3769,1107,6927,-8809,897,-6938
HEX/7/group_24_digit_7.hex	7	7	001000000	-55760,1497,873,-197,-6200,-9706,-21590,7532,-2822,2587
HEX/8/group_24_digit_8.hex	8	8	010000000	-86301,-9885,341,-3636,-7641,-4232,-6596,-9052,6847,-2100
HEX/9/group_24_digit_9.hex	9	9	100000000	-56655,-10507,-5011,-2149,845,-7250,-10630,-3220,-624,7483
HEX/1/group_25_digit_1.hex	1	1	000000001	-58154,8232,-3123,-3264,-1977,-6646,-5793,-930,-2065,-2075
HEX/2/group_25_digit_2.hex	2	2	000000010	-87773,-2845,11310,860,-13552,-15466,-20382,4030,-7428,-12422
HEX/3/group_25_digit_3.hex	3	3	000000100	-78441,-11793,-3439,10122,-13868,565,-23720,-5779,-6211,1359
HEX/4/group_25_digit_4.hex	4	4	000001000	-51115,-4095,-6317,-3954,3308,-3171,-2550,-3152,-3102,-1569
HEX/5/group_25_digit_5.hex	5	5	000010000	-86681,-19557,-8995,2570,-15908,9930,-13071,-10502,-3178,594
HEX/6/group_25_digit_6.hex	6	6	000100000	-49131,-9907,-3157,-4814,-942,-204,6546,-10556,344,-5419
HEX/7/group_25_digit_7.hex	7	7	001000000	-47972,335,-650,-602,-8861,-7816,-18817,8954,-2966,1767
HEX/8/group_25_digit_8.hex	8	8	010000000	-75794,-11881,-1210,-1994,-5006,-3015,-4123,-10538,6940,-1231
HEX/9/group_25_digit_9.hex	9	9	100000000	-59733,-8222,-5939,-1020,-519,-6567,-11978,-3709,859,7553
HEX/1/group_26_digit_1.hex	1	1	000000001	-19846,7427,-1758,-3976,-328,-4843,-3511,-276,-2701,-1336
HEX/2/group_26_digit_2.hex	2	2	000000010	-76288,-7238,9533,-870,-13495,-12344,-17926,1851,-6607,-7288
HEX/3/group_26_digit_3.hex	3	3	000000100	-86072,-13861,-1790,9786,-15515,-1241,-18255,-8018,-4520,-2123
HEX/4/group_26_digit_4.hex	4	4	000001000	-44941,-4867,-4076,-2321,3965,-5017,-5165,-3061,-4114,-149
HEX/5/group_26_digit_5.hex	5	5	000010000	-72719,-18450,-5739,41,-12294,7865,-5260,-13488,-4811,-4051
HEX/6/group_26_digit_6.hex	6	6	000100000	-48830,-5759,-4694,-4917,892,1472,8791,-10595,102,-6420
HEX/7/group_26_digit_7.hex	7	7	001000000	-49883,-204,2163,1748,-12071,-9069,-19491,8528,-2123,-967
HEX/8/group_26_digit_8.hex	8	8	010000000	-59818,-6632,364,-1291,-4232,-2610,-1842,-8355,5314,-3132
HEX/9/group_26_digit_9.hex	9	9	100000000	-49724,-8328,-5026,-2415,1497,-5128,-10986,-2812,355,6997
HEX/1/group_27_digit_1.hex	1	1	000000001	-37150,7281,-2731,-2762,-1872,-4060,-2972,-1742,-1895,-2539
HEX/2/group_27_digit_2.hex	2	2	000000010	-87475,-8653,13148,430,-17398,-14063,-14685,-3565,-67,-11078
HEX/3/group_27_digit_3.hex	3	3	000000100	-86513,-14513,1516,9869,-15307,-4771,-20477,-1356,-746,-2178
HEX/4/group_27_digit_4.hex	4	4	000001000	-54236,-14074,-6591,-6199,6933,-5658,-5027,-4272,-2374,1380
HEX/5/group_27_digit_5.hex	5	5	000010000	-74779,-24772,-11104,2163,-19497,12661,-13463,-17218,-3615,616
HEX/6/group_27_digit_6.hex	6	6	000100000	-39916,-2057,-3316,-2278,-298,-209,4502,-8464,-708,-5620
HEX/7/group_27_digit_7.hex	7	7	001000000	-57602,-297,1344,1419,-14530,-11439,-28871,13376,-4161,-258
HEX/8/group_27_digit_8.hex	8	8	010000000	-62832,-9874,537,-1186,-7716,-2926,-1701,-9988,6116,-4338
HEX/9/group_27_digit_9.hex	9	9	100000000	-36078,-3757,-2526,-1615,-635,-4221,-11783,662,-916,5499
HEX/blank/blank_16.hex	0	0	000000000	18353,2424,-858,-3735,-1261,-1068,-1176,-123,-1905,-1738
HEX/blank/blank_17.hex	0	0	000000000	18353,2424,-858,-3735,-1261,-1068,-1176,-123,-1905,-1738
HEX/blank/blank_18.hex	0	0	000000000	18353,2424,-858,-3735,-1261,-1068,-1176,-123,-1905,-1738
HEX/blank/blank_19.hex	0	0	000000000	18353,2424,-858,-3735,-1261,-1068,-1176,-123,-1905,-1738
HEX/blank/blank_20.hex	0	0	000000000	18353,2424,-858,-3735,-1261,-1068,-1176,-123,-1905,-1738
HEX/blank/blank_21.hex	0	0	000000000	18353,2424,-858,-3735,-1261,-1068,-1176,-123,-1905,-1738
HEX/blank/blank_22.hex	0	0	000000000	18353,2424,-858,-3735,-1261,-1068,-1176,-123,-1905,-1738
HEX/blank/blank_23.hex	0	0	000000000	18353,2424,-858,-3735,-1261,-1068,-1176,-123,-1905,-1738
HEX/blank/blank_24.hex	0	0	000000000	18353,2424,-858,-3735,-1261,-1068,-1176,-123,-1905,-1738
HEX/blank/blank_25.hex	0	0	000000000	18353,2424,-858,-3735,-1261,-1068,-1176,-123,-1905,-1738
HEX/blank/blank_26.hex	0	0	000000000	18353,2424,-858,-3735,-1261,-1068,-1176,-123,-1905,-1738
HEX/blank/blank_27.hex	0	0	000000000	18353,2424,-858,-3735,-1261,-1068,-1176,-123,-1905,-1738
